0.8175
0.6125
0.5975
0.59
0.5875
0.5925
0.5925
0.66
0.6
0.5875
0.5825
0.59
0.66
0.585
0.5875
0.5825
0.5875
0.6675
0.58
0.5875
0.5975
0.595
0.665
0.575
0.57
0.5725
0.575
0.6075
0.59
0.5875
0.58
0.595
0.6775
0.5675
0.55
0.5875
0.5675
0.6975
0.58
0.57
0.5825
0.5725
0.64
0.5775
0.5725
0.57
0.575
0.6475
0.5775
0.5725
0.5675
0.5675
0.6475
0.575
0.57
0.575
0.6025
0.6725
0.575
0.565
0.575
0.5725
0.635
0.565
0.575
0.5675
0.5625
0.66
0.575
0.5575
0.5725
0.57
0.66
0.585
0.5775
0.5825
0.59
0.6525
0.58
0.58
0.5825
0.6
0.6675
0.555
0.59
0.5875
0.575
0.665
0.59
0.5725
0.58
0.5825
0.6425
0.5825
0.5725
0.5675
0.585
0.6525
0.5775
0.5825
