1.085
0.815
0.8675
0.73
0.775
0.7675
0.7575
0.8575
0.765
0.7725
0.705
0.79
0.815
0.7675
0.7675
0.7475
0.785
0.9025
0.72
0.715
0.7625
0.705
0.8375
0.7325
0.6725
0.735
0.74
0.775
0.715
0.7375
0.7225
0.7525
0.8175
0.7
0.7025
0.72
0.705
0.8425
0.7475
0.7225
0.71
0.705
0.895
0.7675
0.7225
0.715
0.7625
0.81
0.7175
0.7475
0.7525
0.7625
0.83
0.745
0.7625
0.8125
0.765
0.845
0.7225
0.76
0.7375
0.7375
0.825
0.77
0.7575
0.75
0.72
0.855
0.74
0.7425
0.7325
0.7625
0.8275
0.7525
0.6875
0.735
0.735
0.82
0.76
0.72
0.7425
0.745
0.84
0.6775
0.765
0.7625
0.73
0.795
0.755
0.7175
0.765
0.76
0.83
0.7675
0.7525
0.7775
0.735
0.8675
0.705
0.75

