0.9475
0.73
0.73
0.7325
0.72
0.865
0.7275
0.7175
0.71
0.7175
0.82
0.7225
0.7275
0.7225
0.75
0.825
0.725
0.725
0.72
0.72
0.8525
0.7325
0.7225
0.7575
0.7375
0.8675
0.735
0.725
0.735
0.715
0.815
0.7075
0.725
0.725
0.7225
0.84
0.7375
0.7225
0.715
0.72
0.8225
0.72
0.7125
0.735
0.7175
0.825
0.7225
0.72
0.7225
0.7175
0.815
0.7125
0.72
0.7175
0.705
0.82
0.7225
0.7225
0.73
0.7175
0.8275
0.7225
0.7125
0.72
0.7225
0.835
0.7275
0.7175
0.73
0.72
0.82
0.7275
0.735
0.7375
0.725
0.8175
0.72
0.7175
0.71
0.715
0.82
0.7275
0.7175
0.74
0.7175
0.7425
0.725
0.7125
0.7425
0.725
0.7125
0.8275
0.7225
0.74
0.7275
0.7325
0.8075
0.71
0.7275
0.71
