1.04
0.755
0.7325
0.74
0.715
0.8475
0.7425
0.7375
0.7325
0.7525
0.7775
0.7475
0.7425
0.7675
0.73
0.8275
0.73
0.74
0.725
0.7275
0.79
0.745
0.7375
0.74
0.735
0.7875
0.7275
0.7325
0.72
0.7275
0.7825
0.745
0.7325
0.74
0.7325
0.8325
0.7825
0.7375
0.735
0.725
0.8375
0.74
0.7325
0.7425
0.7225
0.795
0.7275
0.7325
0.715
0.72
0.78
0.7275
0.725
0.745
0.725
0.795
0.7325
0.7275
0.7275
0.715
0.785
0.74
0.735
0.74
0.72
0.7975
0.7225
0.7375
0.7125
0.7275
0.7825
0.7625
0.7275
0.745
0.735
0.8425
0.7175
0.7425
0.7375
0.7275
0.785
0.7375
0.73
0.7375
0.73
0.79
0.7275
0.7225
0.7125
0.7125
0.78
0.7475
0.7375
0.74
0.735
0.805
0.7325
0.7225
0.7375
0.7275
